44,52
44,51
44,50
44,49
44,48
44,47
44,46
44,45
44,44
44,43
44,42
44,41
44,40
44,39
44,38
44,37
44,36
44,35
0,273
0,270
10,262
10,288
10,162
10,152
10,268
10,198
11,16
11,14
11,28
11,12
11,26
11,24
9,4
9,6
8,13
8,8
8,15
8,7
42,5
42,4
42,3
42,2
42,1
42,0
37,3
37,2
37,1
37,0
30,3
30,2
30,1
28,4
28,3
28,1
25,4
25,3
25,1
24,3
24,1
20,3
20,2
20,1
19,3
19,2
19,1
18,3
18,1
14,3
14,1
13,3
13,1
12,3
12,2
12,1
11,29
11,27
11,25
11,23
11,21
11,19
11,17
11,15
11,13
11,9
11,7
11,6
11,5
11,3
11,2
11,1
10,299
10,285
10,275
10,272
10,255
10,249
10,227
10,209
10,206
